  5-Apr-16 01/25/2016
 166387               1
  0.400000000E+04
*4000.000             1               0 SNB   3   2 CLC    40   41
  0.162034358E+02 0.169550002E+03-0.191062171E+01 0.987877250E+06
  0.988754850E+06 0.167152460E+03-0.110970628E+02 0.611689558E+02
  0.177000296E+01 0.317194559E+00 0.748953693E+00 0.186322185E+08
  0.172374572E+03-0.168931926E+00 0.831663656E+01 0.183839872E+01
  0.129840565E+01 0.831975899E+00 0.438357982E+01 0.752556096E+01
  0.298930957E+02 0.122234873E+02 0.606006533E+01-0.326595634E+00
  0.201110463E+03 0.140643272E+03 0.103718554E+03
  0.369169770E+14 0.403474845E+14 0.389645597E+14
  0.121576170E+03 0.118779491E+03
  0.427445229E+14 0.000000000E+00
  0.375622949E+01 0.230608011E+00 0.224949081E+01 0.230015053E+01
  0.818611510E+00 0.106673977E+02-0.500000000E+02-0.500000000E+02
 -0.500000000E+02 0.543804367E-01 0.184072052E+05 0.767847768E+06
  0.307505727E-04 0.130810137E+01 0.129114975E+01 0.364429229E-02
  0.139208768E+01 0.166659714E+03-0.719073368E-02 0.000000000E+00
  0.121339745E+03-0.119366296E+03-0.999000000E+03-0.999000000E+03
  0.121586871E+02-0.500000000E+02-0.182580660E+01-0.182433676E+01
  0.100000000E+03 0.314950555E+02 0.437779875E+02 0.438357982E+01
  0.177569142E+03 0.358758429E+01 0.263686484E+00 0.000000000E+00
  0.136632495E+01 0.193456493E+01 0.808013707E+06 0.540298634E-05
 -0.119381711E+00 0.000000000E+00 0.131611723E+01 0.100000000E+02
    44   76   18    6
 -0.390527340E-03-0.401517794E-02 0.162760364E-01 0.258478191E-01
  0.426725910E-01-0.142500269E+00-0.187821529E+00 0.416696741E-01
 -0.366354897E-01 0.223670839E-01-0.611399476E-03 0.791050595E-02
  0.611105940E-01 0.780239405E-01-0.171479508E+00-0.236202869E+00
  0.898299147E-01-0.229047908E-01 0.212074552E-01 0.525647757E-02
  0.119524405E-01 0.236769837E-01 0.317329495E-01 0.412419339E-01
 -0.298547351E-01-0.161180592E+00-0.142742764E+00-0.168724176E+00
 -0.118241963E+00 0.198309958E-01 0.753457682E-02 0.379856744E-01
  0.656141863E-01 0.783900007E-01-0.491261402E-01-0.197191214E+00
 -0.176875612E+00-0.206867806E+00-0.151614542E+00 0.552602811E-01
  0.101789300E-01 0.504873305E-01 0.170892409E-01-0.216133567E-01
  0.283544701E+00 0.309020173E+00 0.268984002E+00 0.322308785E+00
  0.302924128E+00 0.277068393E+00 0.153559693E+00 0.243635361E+00
  0.112516498E+00 0.245089579E+00 0.225806672E+00 0.225668783E+00
  0.237138526E+00 0.274511903E+00 0.243342766E+00 0.261922839E+00
  0.275361799E+00 0.242415926E+00 0.257775108E+00 0.274659254E+00
  0.223150664E+00 0.243448345E+00 0.240178878E+00 0.218695741E+00
  0.267486482E+00 0.242252073E+00 0.241417435E+00 0.249345645E+00
  0.268964972E+00-0.219358293E-01 0.183806787E-01 0.598639815E-01
  0.109843383E+00 0.134337860E+00 0.195241891E+00 0.243186648E+00
  0.224695484E+00 0.237719843E+00 0.270838924E+00 0.240787035E+00
  0.270744584E+00 0.247458355E+00 0.241160202E+00 0.269811147E+00
  0.236293359E+00 0.125713463E+00 0.537849696E-01 0.132242768E-01
 -0.621959900E-01-0.399867496E-01 0.690389010E-02 0.197388479E+00
  0.274902812E+00 0.240890763E+00 0.284132690E+00 0.323683472E+00
  0.270488427E+00 0.119246715E+00 0.459372127E-01-0.142325051E-01
  0.876601822E-01 0.105102503E+00 0.109179687E+00 0.966466801E-01
 -0.107349274E-01-0.371661717E-03-0.102573251E+00-0.138854884E+00
 -0.139766748E-01-0.484783369E-02 0.829216885E-01-0.134002357E-02
  0.229602914E-01 0.412705396E-01 0.542967016E-01 0.574369386E-01
 -0.102361609E+06-0.924298930E+05-0.949212618E+03 0.233586012E+05
  0.652775100E+05-0.149339532E+06-0.190765407E+06 0.595397523E+05
 -0.390221183E+05-0.127303354E+03-0.982952949E+05-0.807930379E+05
  0.109416697E+06 0.763798859E+05-0.166692481E+06-0.231672968E+06
  0.119100976E+06-0.378365193E+05
 -0.263218677E+04-0.264818018E+04-0.256514453E+04-0.256281763E+04
 -0.263884204E+04-0.256486426E+04
  0.000000000E+00 0.102756632E+03-0.123481958E+03 0.129533516E+03
 -0.136300001E+03 0.000000000E+00 0.000000000E+00 0.000000000E+00
  0.000000000E+00 0.000000000E+00 0.746419053E+02 0.000000000E+00
  0.683278627E+00 0.727297500E+00-0.400000006E+02-0.261748266E+00
 -0.378922968E+00 0.300000000E+01 0.999000000E+03 0.244516299E+01
  0.156668899E+02 0.129114975E+01 0.000000000E+00 0.204801300E+00
  0.628706625E+01 0.104711774E+02 0.413429917E+01 0.000000000E+00
  0.702215825E+00 0.687063795E+00 0.106673581E+01 0.228190211E+01
  0.536330222E+02 0.284612130E+01-0.890000000E+02 0.168311118E+02
 -0.890000000E+02-0.890000000E+02-0.890000000E+02-0.890000000E+02
  0.241398303E+01-0.890000000E+02-0.890000000E+02 0.102756632E+03
 -0.123481958E+03-0.890000000E+02-0.890000000E+02 0.129533516E+03
 -0.136300001E+03 0.224138142E+05 0.141779359E+00 0.374161457E+00
  0.158508571E+03 0.174312500E+03 0.000000000E+00 0.638916788E+00
  0.000000000E+00-0.383034532E+01 0.000000000E+00 0.752556096E+01
                                            MAG
